A=[0 0 1 0;0 0 0 1;-(k1+k2)/m1 k2/m1 -(c1+c2)/m1 c2/m1; k2/m2 -k2/m2 c2/m2 -c2/m2];
B=[c1/m1;0;c1*(c1+c2)/(m1*m1)+k1/m1;c1*c2/(m1*m2)];